[40 61.36509618537565 94.1418757460101 144.42563150563976 221.56731922443 339.9124963935743 521.4690758950713 799.9999999999999]
mcEse = [211756.13429873952 126198.94296264667 80772.2114147538 55163.723636850096 35511.412435596045 23950.253817251498 15168.361515401248 9661.503298820291]
mcEim = [6684.301242293017 4099.064432669398 2521.9431934638787 1717.3822108084923 1151.5290246798681 748.5991316839854 477.97200759947157 314.9345512351806]
fitEse = [206546.4336401981 124577.64103412785 80810.82930904983 54940.7192824463 35444.39830742096 23949.134353119854 15168.687165921927 9658.566821526258]
fitEim = [6586.5751151947225 4072.2255286025443 2527.4138472746945 1708.833823834046 1150.605969782189 748.5042891830973 478.13637461435354 314.7672527263403]
stackMCEse = [355013.7688086398 228842.10432231033 114823.08989945204 67774.65083126437 39405.70732599508 25865.731937831504 15796.39398850861 9943.747075544916]
stackMCEim = [12032.743005418244 7453.222105802897 3564.394478551493 2089.1640626044687 1241.074106980146 825.3200529285361 502.5079395986241 326.1592899858073]
uncorrEse = [1.6073089559656437e+06 413510.77977993776 197707.80390169666 102010.51545655484 64846.33206123711 37812.96462369385 22897.073735158374 14964.875098080054]
uncorrEim = [51815.92890046743 13294.254856563462 6272.249011419187 3275.2322716818585 1963.2539220297701 1197.4151002413364 699.3228892203939 439.68962080273724]
